2000 []
3000 [0.8583804996710052, 0.8818471518890945, 0.8754152095926488, 0.8771187389566547, 0.8715299459549789, 0.8755526013789738, 0.8755594654104548, 0.8675266532032748, 0.8704842995148285, 0.8735155075476073, 0.8677780514161186, 0.8744573540155567, 0.8710915693034275, 0.8690868275277708, 0.8614416893429039]
4000 [0.8726281248700393, 0.8756536824249121, 0.8774754302116853, 0.877802249499388, 0.8804237375818098, 0.8761736122628914, 0.8759890974711162, 0.8785866232398991, 0.8785814629771422, 0.8709452315821018, 0.8789909360997559, 0.8789489108171545, 0.8718037952657255, 0.876599413909116, 0.872822610912702]
5000 [0.8760537967980804, 0.8726693501378998, 0.8835066366551148, 0.8825920483473725, 0.8844174672532934, 0.8829468777882123, 0.8877711059368874, 0.8863532952344888, 0.8744823661903702, 0.880199581413606, 0.8830609079896579, 0.8800381011224385, 0.8774115706408405, 0.8761117953187829, 0.8791792002492562]
6000 [0.8846631153250579, 0.888277288792308, 0.8765560016155131, 0.8821420876285434, 0.8887235637865162, 0.8812643824028026, 0.8813467913310131, 0.8792555641341893, 0.882895191291356, 0.8820608342452239, 0.8836960386762239, 0.8883221501265097, 0.8905720049456628, 0.8824796166087098, 0.879496097866175]
[15_000]
0.8978098742366831
[30_000]
0.9101513518039399
0.9096746874637587
0.910715500776865
0.9087803789079107

[50_000]
0.907501949969516
0.9096270222967431
0.9114711388894436

[100_000]
0.9177369434588984
0.9201468940490423


AL
2000
0.8886100873380403
0.892360032203932
0.8903795597257498
0.8924059514155611
0.8931783007689763
0.8935383698699741

3000
0.9035156275909498
0.9061712704343847
0.9049441469497685
0.9071756999830075

6000
[0.9159032165629493, 0.9129657599906724, 0.9210586982674975, 0.9180794188551413, 0.9173707487825608, 0.9158090426909322]


2000
0.8678330300565632
0.8724084309077599